2
283
374
109
11
32
188
509
23
40
476
366
41
495
591
334
59
190
434
107
73
226
433
461
97
37
346
83
109
358
538
197
137
84
542
86
157
323
364
195
179
291
119
63
197
415
566
568
227
262
111
172
241
584
358
320
269
129
495
61
283
275
34
125
313
332
136
240
347
136
592
221
367
190
18
595
389
143
240
259
419
231
414
457
439
230
488
230
461
34
284
343
487
61
284
275
509
461
547
367
547
371
225
181
571
158
600
277
599
384
164
237
617
207
571
567
643
47
370
92
661
245
133
337
691
65
181
81
727
165
196
287
751
23
576
190
773
282
63
584
811
115
470
150
829
220
394
441
859
40
160
341
883
61
325
390
919
189
55
145
947
377
347
123
977
586
467
110
1009
319
408
508
1031
178
28
302
1051
255
444
140
