2
560
596
428
505
55
557
154
106
286
31
292
319
492
494
260
495
234
214
343
73
61
526
539
458
100
297
517
523
113
127
167
110
196
488
93
554
492
353
413
179
384
289
311
555
135
509
90
198
25
233
489
582
598
294
103
545
344
479
56
283
44
132
596
510
432
213
178
224
86
353
32
562
578
354
113
57
72
225
283
419
286
597
286
220
365
543
478
391
273
467
81
533
516
583
296
508
482
335
391
547
117
235
171
84
343
67
150
424
430
607
182
548
560
343
67
56
105
168
72
661
528
91
127
432
446
434
40
408
324
739
292
196
535
560
450
269
14
274
405
811
545
380
55
220
331
93
352
116
26
877
583
196
281
376
434
350
246
350
460
947
323
570
403
158
456
365
515
289
426
1019
146
164
513
583
552
511
109
26
430
