2
107
94
531
188
108
527
464
266
29
198
550
346
146
114
361
149
590
67
249
595
127
267
86
492
47
353
107
424
587
515
531
191
22
404
374
157
411
500
446
27
384
233
430
131
199
499
37
182
256
484
353
222
525
257
480
4
396
5
248
98
445
530
311
197
106
171
564
289
136
281
487
367
29
583
259
478
560
223
343
358
421
280
489
419
433
543
217
470
530
467
524
47
108
241
463
518
295
6
541
178
564
595
0
269
555
138
275
599
355
449
145
403
307
520
184
117
647
254
231
40
212
216
324
301
139
709
172
200
357
92
451
132
327
556
769
319
93
428
214
97
591
149
58
829
223
270
69
76
578
407
216
490
887
203
424
374
85
58
79
551
566
967
546
479
234
599
56
551
418
504
1021
580
431
266
38
539
457
110
323
