2
451
15
588
570
13
177
558
506
408
31
460
73
270
190
53
470
364
416
58
73
240
203
471
539
101
120
60
98
539
127
333
439
259
244
151
524
243
208
348
179
480
273
48
143
199
456
546
382
589
233
293
230
476
481
263
392
421
412
438
283
431
159
280
312
317
261
483
522
505
353
224
238
258
136
383
2
366
68
141
419
118
485
148
457
443
259
561
34
153
467
298
5
230
236
503
91
378
32
217
547
173
470
287
205
577
481
428
343
1
607
209
384
268
399
641
534
119
86
155
661
316
417
353
317
701
578
3
379
113
739
278
52
272
362
769
463
245
253
308
811
82
384
398
430
839
532
179
134
135
877
61
242
417
171
911
67
186
515
522
947
135
419
518
343
983
281
60
523
460
1019
409
120
345
26
1049
334
266
434
184
