2
542
5
305
11
212
17
113
23
564
31
488
41
568
47
381
59
525
67
78
73
584
83
110
97
271
103
160
109
321
127
229
137
345
149
26
157
40
167
191
179
297
191
173
197
180
211
101
227
371
233
84
241
436
257
575
269
26
277
486
283
127
307
0
313
582
331
311
347
515
353
174
367
193
379
241
389
576
401
217
419
125
431
487
439
94
449
525
461
253
467
442
487
406
499
142
509
108
523
142
547
561
563
227
571
148
587
34
599
40
607
437
617
67
631
132
643
92
653
205
661
402
677
529
691
305
709
387
727
540
739
507
751
529
761
330
773
501
797
566
811
255
823
483
829
477
853
156
859
334
877
160
883
44
907
28
919
10
937
57
947
113
967
29
977
280
991
143
1009
56
1019
162
1031
393
1039
42
1051
261
1063
300
