2
412
485
268
590
114
92
419
23
214
534
572
236
558
574
383
59
259
591
322
416
224
448
460
97
216
453
572
44
496
556
264
137
500
325
150
557
466
212
128
179
18
253
107
420
450
154
66
227
591
301
181
463
386
296
369
269
419
39
293
88
579
499
390
313
212
517
244
356
164
75
481
367
322
334
451
548
420
360
89
419
458
222
514
245
120
549
171
461
10
331
557
585
370
244
279
509
8
261
563
205
416
317
203
571
210
363
577
39
206
566
118
617
574
9
90
583
263
419
588
661
229
63
40
381
506
190
164
727
325
195
9
445
537
51
270
773
588
286
521
316
482
258
567
829
262
258
192
305
91
299
247
883
300
595
97
517
253
109
303
947
458
122
349
506
531
594
544
1009
218
169
295
61
555
246
532
1051
437
384
547
