2
404
165
362
387
197
441
19
5
506
316
517
499
376
47
349
49
152
428
302
422
79
152
106
425
519
262
241
109
354
484
435
10
41
273
151
10
93
277
315
471
340
191
30
419
330
271
322
261
229
443
119
92
216
378
406
269
537
242
99
219
207
147
311
89
41
536
192
65
295
353
27
520
153
303
454
8
397
21
507
197
172
203
275
439
419
371
51
290
235
558
479
8
490
330
133
277
101
523
95
93
298
77
569
380
577
199
443
52
105
494
110
617
506
136
449
228
86
190
659
336
18
340
529
361
567
709
96
90
121
262
236
204
757
323
346
87
470
590
550
811
325
446
429
342
593
308
857
199
312
548
250
547
227
907
403
124
14
123
598
99
953
161
434
504
417
417
457
1009
67
478
400
444
588
151
1049
373
391
191
541
