2
581
292
7
506
51
17
149
515
29
305
103
41
544
333
53
495
288
67
232
117
79
199
148
97
571
280
107
42
421
127
165
174
139
56
4
157
590
356
173
71
453
191
274
475
199
62
263
227
119
424
239
414
150
257
236
61
271
83
100
283
363
389
311
346
507
331
372
205
349
592
226
367
536
214
383
524
546
401
313
168
421
135
593
439
538
245
457
416
534
467
51
148
491
542
589
509
598
576
541
100
394
563
547
25
577
322
83
599
297
0
613
455
389
631
228
222
647
150
338
661
384
334
683
460
373
709
85
476
733
233
474
751
275
198
769
422
229
797
134
2
821
567
357
829
187
178
857
590
490
877
587
561
887
69
333
919
42
232
941
484
439
967
565
180
983
533
110
1009
488
190
1021
387
413
1039
467
100
1061
203
76
