2
172
158
332
203
28
17
22
74
369
163
575
41
378
524
342
356
229
67
45
104
386
456
519
97
115
240
187
325
174
127
310
258
419
575
233
157
550
25
57
374
550
191
315
302
29
165
213
227
428
316
149
49
473
257
38
493
130
500
542
283
311
507
327
505
242
331
480
6
475
106
174
367
280
405
512
226
392
401
276
59
75
143
390
439
73
447
18
288
551
467
513
212
512
571
296
509
474
355
172
253
106
563
1
121
113
402
498
599
140
357
124
382
230
631
361
275
118
240
438
661
550
68
536
530
316
709
1
89
300
192
328
751
408
1
521
543
85
797
21
171
229
548
59
829
139
111
273
366
97
877
282
386
455
170
49
919
245
53
432
234
494
967
240
6
400
564
407
1009
139
150
217
8
271
1039
377
191
245
111
292
